nmi_max: 1.0000000000000009	nmi_avg: 0.8288850384476021	nmi_std: 0.12799098310238521
q_max: 0.4155982905982902	q_avg: 0.3925090401051923	q_std: 0.014207319062382725
ari_max: 1.0	ari_avg: 0.8172639515012744	ari_std: 0.13671713890716636
nmi_values_arr: [0.82551816 0.69948816 0.82551816 0.82551816 1.         0.82551816
 0.82551816 0.69948816 1.         1.         0.69948816 0.60214468
 1.         1.         0.82551816 1.         0.69948816 0.69948816
 0.69948816 0.82551816]
q_values_arr: [0.39907955 0.40203813 0.39907955 0.39907955 0.37146614 0.39907955
 0.39907955 0.40203813 0.37146614 0.37146614 0.40203813 0.41559829
 0.37146614 0.37146614 0.39907955 0.37146614 0.40203813 0.40203813
 0.40203813 0.39907955]
ari_values_arr: [0.8027464  0.70215502 0.8027464  0.8027464  1.         0.8027464
 0.8027464  0.70215502 1.         1.         0.70215502 0.51312414
 1.         1.         0.8027464  1.         0.70215502 0.70215502
 0.70215502 0.8027464 ]
leader_arr: [6 5 6 5 5 5 5 5 5 4 5 7 5 5 6 5 4 5 4 7]
