nmi_max: 1.0000000000000009	nmi_avg: 0.7716073412738392	nmi_std: 0.15828502787264317
q_max: 0.4155982905982902	q_avg: 0.39610864562787496	q_std: 0.01707753851827942
ari_max: 1.0	ari_avg: 0.7492803621072917	ari_std: 0.18393420303483896
nmi_values_arr: [0.60214468 0.60214468 0.60214468 1.         0.69948816 0.69948816
 0.60214468 1.         0.69948816 0.60214468 0.69948816 1.
 0.69948816 0.82551816 1.         0.69948816 0.69948816 1.
 0.69948816 1.        ]
q_values_arr: [0.41559829 0.41559829 0.41559829 0.37146614 0.40203813 0.40203813
 0.41559829 0.37146614 0.40203813 0.41559829 0.40203813 0.37146614
 0.40203813 0.39907955 0.37146614 0.40203813 0.40203813 0.37146614
 0.40203813 0.37146614]
ari_values_arr: [0.51312414 0.51312414 0.51312414 1.         0.70215502 0.70215502
 0.51312414 1.         0.70215502 0.51312414 0.70215502 1.
 0.70215502 0.8027464  1.         0.70215502 0.70215502 1.
 0.70215502 1.        ]
leader_arr: [6 6 6 5 5 3 6 4 3 6 4 4 3 5 4 3 4 4 4 4]
