nmi_max: 1.0000000000000009	nmi_avg: 0.7464233316558978	nmi_std: 0.13619064475660594
q_max: 0.4155982905982902	q_avg: 0.39848783694937395	q_std: 0.014544345129632439
ari_max: 1.0	ari_avg: 0.7289474071865575	ari_std: 0.15708901964140318
nmi_values_arr: [0.69948816 0.69948816 0.69948816 0.69948816 1.         0.69948816
 0.60214468 0.69948816 1.         0.69948816 1.         0.69948816
 0.82551816 1.         0.69948816 0.60214468 0.60214468 0.69948816
 0.60214468 0.69948816]
q_values_arr: [0.40203813 0.40203813 0.40203813 0.40203813 0.37146614 0.40203813
 0.41559829 0.40203813 0.37146614 0.40203813 0.37146614 0.40203813
 0.39907955 0.37146614 0.40203813 0.41559829 0.41559829 0.40203813
 0.41559829 0.40203813]
ari_values_arr: [0.70215502 0.70215502 0.70215502 0.70215502 1.         0.70215502
 0.51312414 0.70215502 1.         0.70215502 1.         0.70215502
 0.8027464  1.         0.70215502 0.51312414 0.51312414 0.70215502
 0.51312414 0.70215502]
leader_arr: [3 4 4 3 5 3 6 3 4 3 4 4 5 4 3 6 6 3 7 3]
