nmi_max: 0.8027952110570469	nmi_avg: 0.7423899761219	nmi_std: 0.04060981621417452
q_max: 0.4816403162581216	q_avg: 0.44939237936071796	q_std: 0.02234361957729235
ari_max: 0.6840064876599172	ari_avg: 0.553038586215078	ari_std: 0.07771226757341475
nmi_values_arr: [0.73065199 0.70741503 0.76061029 0.66655426 0.68761272 0.65255402
 0.72243152 0.77025733 0.75484832 0.75597981 0.80279521 0.75646211
 0.7282867  0.74456113 0.79917257 0.72677525 0.79511166 0.77388766
 0.7813827  0.73044926]
q_values_arr: [0.45015555 0.40989411 0.43396209 0.47935434 0.42528655 0.44002299
 0.46991636 0.40770926 0.42191879 0.47120172 0.48164032 0.46233058
 0.44506066 0.43257161 0.47992517 0.47310715 0.44342535 0.45979977
 0.45664757 0.44391767]
ari_values_arr: [0.53147014 0.48896726 0.57148704 0.44073569 0.45317481 0.36961795
 0.51531103 0.55853111 0.58440432 0.55765607 0.68400649 0.58401382
 0.54323133 0.58551066 0.68207794 0.51300752 0.64805656 0.61921891
 0.61977698 0.5105161 ]
leader_arr: [1 1 1 4 3 6 2 1 1 1 1 1 2 1 1 2 1 2 1 3]
