nmi_max: 0.8003417461136261	nmi_avg: 0.729409178988005	nmi_std: 0.05352738287584206
q_max: 0.5124957087998095	q_avg: 0.47705531856006483	q_std: 0.02377356965153383
ari_max: 0.6543433780719213	ari_avg: 0.5233940636085865	ari_std: 0.09341666642159185
nmi_values_arr: [0.76625183 0.74857834 0.78754577 0.78994423 0.7743819  0.7576337
 0.70036057 0.72668108 0.68047491 0.69958915 0.70669837 0.59613909
 0.64378082 0.80034175 0.77665706 0.66809812 0.77532749 0.70539965
 0.77328539 0.71101437]
q_values_arr: [0.47065218 0.4994172  0.49262978 0.42112308 0.47898443 0.47010264
 0.50470502 0.43692668 0.46488002 0.4841698  0.49242088 0.48589293
 0.50486469 0.45790898 0.49855762 0.48320777 0.47978412 0.46144307
 0.44093978 0.51249571]
ari_values_arr: [0.63305823 0.54984918 0.58946395 0.56906977 0.62158959 0.58432533
 0.47065111 0.54630185 0.39275706 0.47167827 0.47204991 0.32978214
 0.36807085 0.64872821 0.59789244 0.42171096 0.554531   0.53779908
 0.65434338 0.45422897]
leader_arr: [2 7 3 1 1 4 2 2 3 5 7 0 3 1 2 5 3 2 1 2]
