nmi_max: 0.5880569339181414	nmi_avg: 0.4853015396413004	nmi_std: 0.05554234862317656
q_max: 0.5109162334624134	q_avg: 0.4588326108977395	q_std: 0.04816402473999608
ari_max: 0.6815860773755202	ari_avg: 0.5316284584231635	ari_std: 0.125764119179255
nmi_values_arr: [0.50011755 0.43859154 0.5156345  0.47946669 0.40736807 0.49094912
 0.36557046 0.58805693 0.46752671 0.46930451 0.55549312 0.42959814
 0.49656503 0.43150432 0.48872044 0.43542941 0.51348305 0.57300531
 0.54946847 0.5101774 ]
q_values_arr: [0.50663304 0.4324407  0.46697107 0.38823073 0.48211393 0.44820574
 0.30383431 0.50592603 0.44236969 0.45039104 0.50189222 0.48358194
 0.51091623 0.44576591 0.49936241 0.49578879 0.42301047 0.43233272
 0.48074362 0.47614163]
ari_values_arr: [0.58129772 0.46090047 0.5312277  0.53836574 0.44193382 0.52020186
 0.14003806 0.67862159 0.6097846  0.52931928 0.68158608 0.53799519
 0.61725615 0.31556391 0.59957149 0.42889393 0.58845728 0.65252114
 0.6302396  0.54879358]
leader_arr: [5 0 3 0 3 2 1 5 2 3 4 0 2 2 4 2 4 0 0 2]
