nmi_max: 0.8105085060184272	nmi_avg: 0.746226169067108	nmi_std: 0.051244497592239625
q_max: 0.5127525155081906	q_avg: 0.4834541965941769	q_std: 0.016472122235868376
ari_max: 0.694581264706921	ari_avg: 0.5591250779472384	ari_std: 0.09387573529014558
nmi_values_arr: [0.73323659 0.65557208 0.75256462 0.79063065 0.78627919 0.81050851
 0.72901045 0.75032497 0.79116765 0.73265853 0.65651667 0.64606956
 0.77681485 0.79170194 0.66491113 0.74780768 0.75898866 0.79031783
 0.74955933 0.80988248]
q_values_arr: [0.46752127 0.47304727 0.46476426 0.4978697  0.47710295 0.49933736
 0.49760225 0.48715966 0.49076028 0.48762937 0.47721073 0.4883306
 0.51275252 0.50738752 0.4830441  0.49511535 0.46763437 0.48309467
 0.43963313 0.47208657]
ari_values_arr: [0.55470775 0.41085632 0.58796537 0.60833017 0.62297962 0.69458126
 0.48282257 0.57182894 0.64724752 0.54914496 0.42217747 0.4071659
 0.59941965 0.63308785 0.34749247 0.57579624 0.56306646 0.65900761
 0.58557761 0.65924581]
leader_arr: [2 4 2 2 3 2 5 7 5 5 5 9 2 9 4 3 2 3 1 2]
