nmi_max: 1.0000000000000009	nmi_avg: 0.7450109963409273	nmi_std: 0.10527438248059354
q_max: 0.4155982905982902	q_avg: 0.3997452333990779	q_std: 0.010408924506324899
ari_max: 1.0	ari_avg: 0.7331547034091386	ari_std: 0.11622037323220331
nmi_values_arr: [0.82551816 0.69948816 0.69948816 0.82551816 0.69948816 0.69948816
 0.69948816 1.         0.82551816 0.69948816 0.60214468 0.69948816
 0.69948816 0.69948816 0.69948816 1.         0.60214468 0.82551816
 0.69948816 0.69948816]
q_values_arr: [0.39907955 0.40203813 0.40203813 0.39907955 0.40203813 0.40203813
 0.40203813 0.37146614 0.39907955 0.40203813 0.41559829 0.40203813
 0.40203813 0.40203813 0.40203813 0.37146614 0.41559829 0.39907955
 0.40203813 0.40203813]
ari_values_arr: [0.8027464  0.70215502 0.70215502 0.8027464  0.70215502 0.70215502
 0.70215502 1.         0.8027464  0.70215502 0.51312414 0.70215502
 0.70215502 0.70215502 0.70215502 1.         0.51312414 0.8027464
 0.70215502 0.70215502]
leader_arr: [6 5 6 5 4 4 4 4 5 3 6 5 3 4 4 5 7 6 3 3]
