nmi_max: 0.8155304921247568	nmi_avg: 0.754242482472407	nmi_std: 0.05504618344117803
q_max: 0.5218418762590777	q_avg: 0.48228612525247544	q_std: 0.024688080260944722
ari_max: 0.6701792688056447	ari_avg: 0.5730038641368147	ari_std: 0.0936556126124939
nmi_values_arr: [0.77475382 0.76947763 0.77973333 0.73973137 0.70257964 0.76731126
 0.81553049 0.7838911  0.75856368 0.79440887 0.80884937 0.62592069
 0.78357557 0.7550142  0.73513556 0.7187583  0.7929828  0.59922835
 0.79088632 0.78851729]
q_values_arr: [0.50978128 0.48988075 0.45495238 0.49043827 0.48649702 0.48042148
 0.47457347 0.50819253 0.52184188 0.49023336 0.47533857 0.46483611
 0.40775051 0.51959715 0.49608935 0.47593069 0.48123182 0.4720573
 0.45934603 0.48673254]
ari_values_arr: [0.61814997 0.62631758 0.62971499 0.50438996 0.46874966 0.63765801
 0.64010586 0.62951626 0.58359205 0.64830981 0.66533998 0.36277981
 0.59590196 0.5535845  0.53329193 0.47888402 0.64753338 0.34366147
 0.62241682 0.67017927]
leader_arr: [3 3 2 8 6 4 1 2 6 1 1 3 1 3 5 5 2 6 1 1]
