nmi_max: 1.0000000000000009	nmi_avg: 0.8599244885652297	nmi_std: 0.13444408281318226
q_max: 0.40203813280736184	q_avg: 0.38768902038132635	q_std: 0.014712057207914828
ari_max: 1.0	ari_avg: 0.8563035351769276	ari_std: 0.1348413691421517
nmi_values_arr: [1.         0.69948816 1.         0.82551816 1.         0.69948816
 1.         1.         0.69948816 1.         0.82551816 1.
 1.         0.69948816 1.         0.69948816 0.82551816 0.69948816
 0.82551816 0.69948816]
q_values_arr: [0.37146614 0.40203813 0.37146614 0.39907955 0.37146614 0.40203813
 0.37146614 0.37146614 0.40203813 0.37146614 0.39907955 0.37146614
 0.37146614 0.40203813 0.37146614 0.40203813 0.39907955 0.40203813
 0.39907955 0.40203813]
ari_values_arr: [1.         0.70215502 1.         0.8027464  1.         0.70215502
 1.         1.         0.70215502 1.         0.8027464  1.
 1.         0.70215502 1.         0.70215502 0.8027464  0.70215502
 0.8027464  0.70215502]
leader_arr: [4 3 5 5 4 3 4 4 3 4 5 4 4 4 4 4 5 3 5 4]
