nmi_max: 0.6056905950474174	nmi_avg: 0.4942985047425159	nmi_std: 0.058433907369028974
q_max: 0.5166494413336218	q_avg: 0.4721124428607605	q_std: 0.024408932546918408
ari_max: 0.709394447669317	ari_avg: 0.5594029799627414	ari_std: 0.07794380837300408
nmi_values_arr: [0.39783087 0.48997899 0.4753206  0.53122508 0.47197119 0.54327841
 0.544977   0.6056906  0.4982666  0.48856551 0.41933596 0.42384913
 0.59555662 0.42805604 0.559987   0.55978129 0.45155444 0.4448829
 0.45938531 0.49647655]
q_values_arr: [0.47047526 0.45592114 0.48267954 0.50592603 0.46912038 0.49311501
 0.51664944 0.4737198  0.4842941  0.48782915 0.40814527 0.48137864
 0.48272068 0.44819545 0.47487158 0.45374355 0.45941763 0.47672523
 0.48876754 0.42855343]
ari_values_arr: [0.42580607 0.54370584 0.52949398 0.6370826  0.56338991 0.61219851
 0.66591058 0.70939445 0.55304283 0.52371516 0.44097171 0.51588861
 0.68841507 0.48375218 0.64172882 0.58811063 0.46956229 0.55659882
 0.49324401 0.54604753]
leader_arr: [2 0 0 2 5 3 0 0 3 5 0 1 3 2 0 0 5 5 4 0]
