nmi_max: 0.5924278045615277	nmi_avg: 0.49300889835747297	nmi_std: 0.06146394363116882
q_max: 0.5140296481404507	q_avg: 0.46816334243449703	q_std: 0.03319813463957196
ari_max: 0.6934728724869182	ari_avg: 0.5494707398434154	ari_std: 0.0876553702789996
nmi_values_arr: [0.51151335 0.45860087 0.53757461 0.43790161 0.54204029 0.44768174
 0.47731347 0.50176388 0.46465881 0.50352894 0.47920827 0.54426162
 0.45573706 0.5924278  0.59051945 0.47555658 0.46213559 0.32094377
 0.47209259 0.58471767]
q_values_arr: [0.48452805 0.45326022 0.48149434 0.43627655 0.46470092 0.40159193
 0.51043032 0.48675192 0.47114371 0.50035222 0.45755884 0.50889033
 0.48668765 0.484816   0.46858305 0.48972907 0.43717381 0.39461695
 0.51402965 0.43065132]
ari_values_arr: [0.58833259 0.40433556 0.56900127 0.49215409 0.64783163 0.45516697
 0.54047795 0.61550411 0.54195989 0.53727183 0.57120519 0.6614553
 0.52041949 0.69347287 0.65580735 0.52835358 0.38333062 0.4052517
 0.53276827 0.64531456]
leader_arr: [2 4 0 1 3 0 2 6 3 5 3 0 0 0 0 5 3 0 2 0]
